# tau	obs1	obs2	std1	std2
1.000000000000000056e-01 -8.134765625000000000e-01 9.785156250000000000e-01 9.087464030501582121e-03 3.221448036045324297e-03
1.100000000000000006e-01 -8.437500000000000000e-01 9.765625000000000000e-01 8.386505877596516986e-03 3.363031570790017081e-03
1.199999999999999956e-01 -8.515625000000000000e-01 9.824218750000000000e-01 8.191454623929500869e-03 2.916784482801634132e-03
1.300000000000000044e-01 -8.193359375000000000e-01 9.794921875000000000e-01 8.958026874737786555e-03 3.148158510687520777e-03
1.399999999999999856e-01 -7.167968750000000000e-01 9.848632812500000000e-01 1.089503183784314676e-02 2.708327600201016015e-03
1.499999999999999667e-01 -8.110351562500000000e-01 9.824218750000000000e-01 9.140584606301479717e-03 2.916784482801634132e-03
1.599999999999999756e-01 -8.530273437500000000e-01 9.829101562500000000e-01 8.154159676088594197e-03 2.876342449002846236e-03
1.699999999999999845e-01 -7.919921875000000000e-01 9.741210937500000000e-01 9.539550368090374960e-03 3.531668072296274396e-03
1.799999999999999656e-01 -8.154296875000000000e-01 9.848632812500000000e-01 9.044627105548947582e-03 2.708327600201016015e-03
1.899999999999999467e-01 -8.085937500000000000e-01 9.838867187500000000e-01 9.193239962124639258e-03 2.793640092713590289e-03
1.999999999999999556e-01 -8.125000000000000000e-01 9.804687500000000000e-01 9.108768606532046536e-03 3.073045867962428002e-03
2.099999999999999645e-01 -8.427734375000000000e-01 9.829101562500000000e-01 8.410444658670026066e-03 2.876342449002846236e-03
2.199999999999999456e-01 -8.002929687500000000e-01 9.858398437500000000e-01 9.368893377943486936e-03 2.620150024543840394e-03
2.299999999999999545e-01 -8.544921875000000000e-01 9.785156250000000000e-01 8.116628823132548964e-03 3.221448036045324297e-03
2.399999999999999356e-01 -8.500976562500000000e-01 9.819335937500000000e-01 8.228516874306469192e-03 2.956653706298266460e-03
2.499999999999999167e-01 -8.520507812500000000e-01 9.799804687500000000e-01 8.179048986707983943e-03 3.110838257635475772e-03
2.599999999999998979e-01 -8.637695312500000000e-01 9.770507812500000000e-01 7.873235741178510189e-03 3.328226629124823952e-03
2.699999999999999067e-01 -8.369140625000000000e-01 9.760742187500000000e-01 8.552098666354306100e-03 3.397462844848097262e-03
2.799999999999999156e-01 -8.007812500000000000e-01 9.804687500000000000e-01 9.358701844120157973e-03 3.073045867962428002e-03
2.899999999999999245e-01 -8.686523437500000000e-01 9.824218750000000000e-01 7.740971077775765131e-03 2.916784482801634132e-03
2.999999999999999334e-01 -7.993164062500000000e-01 9.829101562500000000e-01 9.389224660299611697e-03 2.876342449002846236e-03
3.099999999999999423e-01 -8.305664062500000000e-01 9.843750000000000000e-01 8.701868805337879473e-03 2.751325114644688485e-03
3.199999999999998956e-01 -8.457031250000000000e-01 9.814453125000000000e-01 8.338338372116985489e-03 2.995972987778816599e-03
3.299999999999998490e-01 -8.378906250000000000e-01 9.785156250000000000e-01 8.528721301882992087e-03 3.221448036045324297e-03
3.399999999999998579e-01 -7.978515625000000000e-01 9.746093750000000000e-01 9.419592958197409507e-03 3.498624386551267649e-03
3.499999999999998668e-01 -8.061523437500000000e-01 9.653320312500000000e-01 9.245438046648174826e-03 4.078516188216757196e-03
3.599999999999998757e-01 -8.222656250000000000e-01 9.560546875000000000e-01 8.892248340694155345e-03 4.581068659793426263e-03
3.699999999999998845e-01 -8.183593750000000000e-01 9.707031250000000000e-01 8.979794122246455290e-03 3.754406366764960045e-03
3.799999999999998934e-01 -8.164062500000000000e-01 9.721679687500000000e-01 9.023093675280398698e-03 3.660702435118321201e-03
3.899999999999999023e-01 -8.466796875000000000e-01 9.809570312500000000e-01 8.314107967934166246e-03 3.034763702944852717e-03
3.999999999999998002e-01 -8.457031250000000000e-01 9.799804687500000000e-01 8.338338372116985489e-03 3.110838257635475772e-03
4.099999999999998090e-01 -8.212890625000000000e-01 9.790039062500000000e-01 8.914254569275404522e-03 3.185023223830273260e-03
4.199999999999998179e-01 -8.554687500000000000e-01 9.580078125000000000e-01 8.091475575905060502e-03 4.480345292789202766e-03
4.299999999999998268e-01 -7.475585937500000000e-01 9.423828125000000000e-01 1.037806041211979113e-02 5.227131992156430242e-03
4.399999999999998357e-01 -7.475585937500000000e-01 8.500976562500000000e-01 1.037806041211979113e-02 8.228516874306469192e-03
4.499999999999998446e-01 -6.240234375000000000e-01 8.095703125000000000e-01 1.220946287731808008e-02 9.172233131831689784e-03
4.599999999999998535e-01 -5.561523437500000000e-01 6.621093750000000000e-01 1.298563067918072009e-02 1.170948775150367459e-02
4.699999999999998623e-01 -5.278320312500000000e-01 6.015625000000000000e-01 1.327107465713676070e-02 1.248165214551652351e-02
4.799999999999997602e-01 -3.686523437500000000e-01 4.340820312500000000e-01 1.452448977030865347e-02 1.407614607125144690e-02
4.899999999999997691e-01 -3.422851562500000000e-01 4.165039062500000000e-01 1.468118940070800918e-02 1.420521759954464398e-02
4.999999999999997780e-01 -2.246093750000000000e-01 2.749023437500000000e-01 1.522576382158577664e-02 1.502300239392642678e-02
5.099999999999997868e-01 -1.967773437500000000e-01 2.612304687500000000e-01 1.531950315769753206e-02 1.508244467104198627e-02
5.199999999999997957e-01 -1.992187500000000000e-01 2.641601562500000000e-01 1.531179757356073909e-02 1.506998170523725193e-02
5.299999999999998046e-01 -2.304687500000000000e-01 3.041992187500000000e-01 1.520437073578035508e-02 1.488450683688636103e-02
5.399999999999998135e-01 -3.608398437500000000e-01 4.438476562500000000e-01 1.457230932331167114e-02 1.400159779213641133e-02
5.499999999999998224e-01 -3.525390625000000000e-01 5.249023437500000000e-01 1.462182966281525519e-02 1.329941340273601072e-02
5.599999999999997202e-01 -4.511718750000000000e-01 7.021484375000000000e-01 1.394432935267750535e-02 1.112547808528028571e-02
5.699999999999997291e-01 -4.995117187500000000e-01 7.724609375000000000e-01 1.353604890032131421e-02 9.922848131862303800e-03
5.799999999999997380e-01 -6.264648437500000000e-01 9.047851562500000000e-01 1.217890120883700043e-02 6.654192409193627512e-03
5.899999999999997469e-01 -7.480468750000000000e-01 9.311523437500000000e-01 1.036946709586515289e-02 5.697349659859368524e-03
5.999999999999997558e-01 -7.968750000000000000e-01 9.750976562500000000e-01 9.439753383389259955e-03 3.465248823409909033e-03
6.099999999999997646e-01 -7.944335937500000000e-01 9.790039062500000000e-01 9.489859734147494327e-03 3.185023223830273260e-03
6.199999999999997735e-01 -8.442382812500000000e-01 9.550781250000000000e-01 8.374500400094507871e-03 4.630533407219103968e-03
6.299999999999996714e-01 -7.490234375000000000e-01 9.321289062500000000e-01 1.035224219555882889e-02 5.658228722719512230e-03
6.399999999999996803e-01 -7.573242187500000000e-01 9.135742187500000000e-01 1.020373547770138389e-02 6.354250600363393203e-03
6.499999999999996891e-01 -7.812500000000000000e-01 9.028320312500000000e-01 9.753410329803797671e-03 6.718646862380602686e-03
6.599999999999996980e-01 -7.333984375000000000e-01 9.106445312500000000e-01 1.062185996653005650e-02 6.456104368677354974e-03
6.699999999999997069e-01 -7.827148437500000000e-01 9.047851562500000000e-01 9.724695144209196881e-03 6.654192409193627512e-03
6.799999999999997158e-01 -7.622070312500000000e-01 9.438476562500000000e-01 1.011458329795522464e-02 5.162203045318837849e-03
6.899999999999997247e-01 -8.188476562500000000e-01 9.477539062500000000e-01 8.968920347003262947e-03 4.984412548542596459e-03
6.999999999999996225e-01 -8.208007812500000000e-01 9.643554687500000000e-01 8.925227553933816338e-03 4.134533546774798313e-03
7.099999999999996314e-01 -8.149414062500000000e-01 9.687500000000000000e-01 9.055364976533017418e-03 3.875612272067271557e-03
7.199999999999996403e-01 -8.427734375000000000e-01 9.633789062500000000e-01 8.410444658670026066e-03 4.189746452946637931e-03
7.299999999999996492e-01 -8.242187500000000000e-01 9.492187500000000000e-01 8.847992745373220447e-03 4.915888339468507326e-03
7.399999999999996581e-01 -8.232421875000000000e-01 9.399414062500000000e-01 8.870161267870003627e-03 5.333372434729487070e-03
7.499999999999996669e-01 -8.120117187500000000e-01 9.311523437500000000e-01 9.119392656049132156e-03 5.697349659859368524e-03
7.599999999999996758e-01 -7.983398437500000000e-01 9.326171875000000000e-01 9.409487268422020087e-03 5.638550985987406290e-03
7.699999999999996847e-01 -7.983398437500000000e-01 9.272460937500000000e-01 9.409487268422020087e-03 5.850820455815827423e-03
7.799999999999996936e-01 -8.305664062500000000e-01 9.453125000000000000e-01 8.701868805337879473e-03 5.096344176061548201e-03
7.899999999999995914e-01 -7.749023437500000000e-01 9.467773437500000000e-01 9.876265218230487891e-03 5.029518854001584043e-03
7.999999999999996003e-01 -7.626953125000000000e-01 9.570312500000000000e-01 1.010559314272259888e-02 4.531012561759634530e-03
8.099999999999996092e-01 -7.729492187500000000e-01 9.609375000000000000e-01 9.913560803324507689e-03 4.324460347636316024e-03
8.199999999999996181e-01 -7.846679687500000000e-01 9.633789062500000000e-01 9.686191681031148387e-03 4.189746452946637931e-03
8.299999999999996270e-01 -7.783203125000000000e-01 9.594726562500000000e-01 9.810428363495099849e-03 4.403152221919747790e-03
8.399999999999996358e-01 -7.763671875000000000e-01 9.633789062500000000e-01 9.848138780737356046e-03 4.189746452946637931e-03
8.499999999999996447e-01 -7.563476562500000000e-01 9.506835937500000000e-01 1.022140426734826843e-02 4.846287253174282224e-03
8.599999999999995426e-01 -8.188476562500000000e-01 9.428710937500000000e-01 8.968920347003262947e-03 5.205590176400593308e-03
8.699999999999995515e-01 -8.315429687500000000e-01 9.477539062500000000e-01 8.679069244441686704e-03 4.984412548542596459e-03
8.799999999999995604e-01 -8.056640625000000000e-01 9.482421875000000000e-01 9.255823472986344364e-03 4.961688029969428537e-03
8.899999999999995692e-01 -7.983398437500000000e-01 9.453125000000000000e-01 9.409487268422020087e-03 5.096344176061548201e-03
8.999999999999995781e-01 -7.900390625000000000e-01 9.379882812500000000e-01 9.579007908482576120e-03 5.416671319456730672e-03
9.099999999999995870e-01 -7.792968750000000000e-01 9.443359375000000000e-01 9.791483023456722806e-03 5.140355168307604930e-03
9.199999999999995959e-01 -7.924804687500000000e-01 9.477539062500000000e-01 9.529645185717515801e-03 4.984412548542596459e-03
9.299999999999996048e-01 -7.983398437500000000e-01 9.521484375000000000e-01 9.409487268422020087e-03 4.775562205284335227e-03
9.399999999999996136e-01 -7.963867187500000000e-01 9.428710937500000000e-01 9.449808227512854555e-03 5.205590176400593308e-03
9.499999999999995115e-01 -8.364257812500000000e-01 9.604492187500000000e-01 8.563753222332458337e-03 4.350862494261718838e-03
9.599999999999995204e-01 -8.237304687500000000e-01 9.438476562500000000e-01 8.859087225993435635e-03 5.162203045318837849e-03
9.699999999999995293e-01 -8.217773437500000000e-01 9.458007812500000000e-01 8.903261522996705826e-03 5.074178326602111176e-03
9.799999999999995381e-01 -8.110351562500000000e-01 9.296875000000000000e-01 9.140584606301479717e-03 5.755456657288224656e-03
9.899999999999995470e-01 -8.095703125000000000e-01 9.482421875000000000e-01 9.172233131831689784e-03 4.961688029969428537e-03
9.999999999999995559e-01 -8.076171875000000000e-01 9.243164062500000000e-01 9.214173631772553524e-03 5.962922161767344152e-03
1.009999999999999565e+00 -8.237304687500000000e-01 9.375000000000000000e-01 8.859087225993435635e-03 5.437269885576192889e-03
1.019999999999999574e+00 -8.061523437500000000e-01 9.189453125000000000e-01 9.245438046648174826e-03 6.162265316158325318e-03
1.029999999999999583e+00 -8.051757812500000000e-01 9.316406250000000000e-01 9.266190977766351061e-03 5.677828010807899062e-03
1.039999999999999591e+00 -8.237304687500000000e-01 9.184570312500000000e-01 8.859087225993435635e-03 6.180012075614840263e-03
1.049999999999999600e+00 -8.110351562500000000e-01 9.384765625000000000e-01 9.140584606301479717e-03 5.395983334123138908e-03
1.059999999999999609e+00 -8.295898437500000000e-01 9.345703125000000000e-01 8.724582098847145570e-03 5.559038841404793582e-03
1.069999999999999618e+00 -8.037109375000000000e-01 9.482421875000000000e-01 9.297186561781372108e-03 4.961688029969428537e-03
1.079999999999999627e+00 -8.408203125000000000e-01 9.516601562500000000e-01 8.458036380618714004e-03 4.799265156921608995e-03
1.089999999999999636e+00 -8.188476562500000000e-01 9.438476562500000000e-01 8.968920347003262947e-03 5.162203045318837849e-03
1.099999999999999645e+00 -8.144531250000000000e-01 9.316406250000000000e-01 9.066083709225779622e-03 5.677828010807899062e-03
1.109999999999999654e+00 -7.612304687500000000e-01 9.160156250000000000e-01 1.013252244484929947e-02 6.267852915074246384e-03
1.119999999999999662e+00 -7.534179687500000000e-01 8.994140625000000000e-01 1.027409235513444472e-02 6.829650576449571714e-03
1.129999999999999671e+00 -7.695312500000000000e-01 8.955078125000000000e-01 9.978268076524682631e-03 6.953840513596872691e-03
1.139999999999999680e+00 -7.861328125000000000e-01 9.023437500000000000e-01 9.657150053002237777e-03 6.734642483738376498e-03
1.149999999999999467e+00 -7.832031250000000000e-01 8.964843750000000000e-01 9.715092571831543747e-03 6.923052336754097549e-03
1.159999999999999476e+00 -8.041992187500000000e-01 9.155273437500000000e-01 9.286872462631328914e-03 6.285245985726504829e-03
1.169999999999999485e+00 -7.866210937500000000e-01 9.213867187500000000e-01 9.647438015887889462e-03 6.072609855475120944e-03
1.179999999999999494e+00 -8.164062500000000000e-01 9.511718750000000000e-01 9.023093675280398698e-03 4.822839547509493244e-03
1.189999999999999503e+00 -8.198242187500000000e-01 9.506835937500000000e-01 8.947113633504267735e-03 4.846287253174282224e-03
1.199999999999999512e+00 -8.154296875000000000e-01 9.384765625000000000e-01 9.044627105548947582e-03 5.395983334123138908e-03
1.209999999999999520e+00 -7.880859375000000000e-01 9.130859375000000000e-01 9.618206753395409231e-03 6.371362142563850688e-03
1.219999999999999529e+00 -7.519531250000000000e-01 8.701171875000000000e-01 1.030025904419984428e-02 7.700701317764657369e-03
1.229999999999999538e+00 -7.343750000000000000e-01 8.457031250000000000e-01 1.060537433055345341e-02 8.338338372116985489e-03
1.239999999999999547e+00 -6.982421875000000000e-01 7.963867187500000000e-01 1.118533768815454729e-02 9.449808227512854555e-03
1.249999999999999556e+00 -7.006835937500000000e-01 8.110351562500000000e-01 1.114800226298259637e-02 9.140584606301479717e-03
1.259999999999999565e+00 -7.001953125000000000e-01 8.115234375000000000e-01 1.115548978013183520e-02 9.129997967564950842e-03
1.269999999999999574e+00 -7.343750000000000000e-01 8.510742187500000000e-01 1.060537433055345341e-02 8.203834406513899058e-03
1.279999999999999583e+00 -7.910156250000000000e-01 9.023437500000000000e-01 9.559311674942717191e-03 6.734642483738376498e-03
1.289999999999999591e+00 -8.056640625000000000e-01 9.375000000000000000e-01 9.255823472986344364e-03 5.437269885576192889e-03
1.299999999999999378e+00 -8.198242187500000000e-01 9.501953125000000000e-01 8.947113633504267735e-03 4.869610103921633362e-03
1.309999999999999387e+00 -7.622070312500000000e-01 9.326171875000000000e-01 1.011458329795522464e-02 5.638550985987406290e-03
1.319999999999999396e+00 -7.436523437500000000e-01 8.476562500000000000e-01 1.044635187465202397e-02 8.289778654205848599e-03
1.329999999999999405e+00 -6.469726562500000000e-01 7.661132812500000000e-01 1.191426876937035431e-02 1.004227441678435563e-02
1.339999999999999414e+00 -5.268554687500000000e-01 6.113281250000000000e-01 1.328054515637230176e-02 1.236526925252726464e-02
1.349999999999999423e+00 -4.409179687500000000e-01 5.468750000000000000e-01 1.402417820844453072e-02 1.308147297326056092e-02
1.359999999999999432e+00 -4.516601562500000000e-01 5.117187500000000000e-01 1.394046968831805407e-02 1.342426602046067549e-02
1.369999999999999440e+00 -4.707031250000000000e-01 5.410156250000000000e-01 1.378580714154083869e-02 1.314082094742672312e-02
1.379999999999999449e+00 -5.126953125000000000e-01 5.908203125000000000e-01 1.341516600131739678e-02 1.260629956238516411e-02
1.389999999999999458e+00 -6.201171875000000000e-01 7.163085937500000000e-01 1.225795613928637104e-02 1.090286926604170682e-02
1.399999999999999467e+00 -7.216796875000000000e-01 8.154296875000000000e-01 1.081604923514612425e-02 9.044627105548947582e-03
1.409999999999999476e+00 -7.895507812500000000e-01 9.096679687500000000e-01 9.588831748123794602e-03 6.489628644154119691e-03
1.419999999999999485e+00 -8.144531250000000000e-01 9.536132812500000000e-01 9.066083709225779622e-03 4.703662495854097313e-03
1.429999999999999494e+00 -7.827148437500000000e-01 8.867187500000000000e-01 9.724695144209196881e-03 7.223582297624636835e-03
1.439999999999999503e+00 -6.157226562500000000e-01 7.299804687500000000e-01 1.231192109382675884e-02 1.067918759395477223e-02
1.449999999999999512e+00 -4.321289062500000000e-01 5.209960937500000000e-01 1.409081011798290865e-02 1.333686032521475516e-02
1.459999999999999520e+00 -1.562500000000000000e-01 1.713867187500000000e-01 1.543308655203037838e-02 1.539380989124524389e-02
1.469999999999999307e+00 6.347656250000000000e-02 -8.056640625000000000e-02 1.559348952385457635e-02 1.557420692785449132e-02
1.479999999999999316e+00 2.724609375000000000e-01 -3.168945312500000000e-01 1.503385695247028489e-02 1.481969972757837643e-02
1.489999999999999325e+00 3.862304687500000000e-01 -4.423828125000000000e-01 1.441253612352804553e-02 1.401291124093894530e-02
1.499999999999999334e+00 4.023437500000000000e-01 -4.765625000000000000e-01 1.430451048528461749e-02 1.373657177747391461e-02
1.509999999999999343e+00 3.134765625000000000e-01 -3.574218750000000000e-01 1.483743652546697968e-02 1.459286001093350500e-02
1.519999999999999352e+00 9.423828125000000000e-02 -1.503906250000000000e-01 1.555546360089066042e-02 1.544729146015911755e-02
1.529999999999999361e+00 -1.059570312500000000e-01 1.206054687500000000e-01 1.553704233292957718e-02 1.551094561318974718e-02
1.539999999999999369e+00 -3.715820312500000000e-01 4.140625000000000000e-01 1.450625196955201979e-02 1.422263207730840341e-02
1.549999999999999378e+00 -5.522460937500000000e-01 6.245117187500000000e-01 1.302626789446110350e-02 1.220336620624213469e-02
1.559999999999999387e+00 -7.426757812500000000e-01 8.476562500000000000e-01 1.046329946664469046e-02 8.289778654205848599e-03
1.569999999999999396e+00 -8.222656250000000000e-01 9.394531250000000000e-01 8.892248340694155345e-03 5.354334955378518141e-03
1.579999999999999405e+00 -8.413085937500000000e-01 9.624023437500000000e-01 8.446173928118153040e-03 4.244186302374621488e-03
1.589999999999999414e+00 -7.871093750000000000e-01 9.047851562500000000e-01 9.637710152275526243e-03 6.654192409193627512e-03
1.599999999999999423e+00 -7.197265625000000000e-01 8.417968750000000000e-01 1.084777567601631805e-02 8.434287890323289433e-03
1.609999999999999432e+00 -6.455078125000000000e-01 7.343750000000000000e-01 1.193365104836351456e-02 1.060537433055345341e-02
1.619999999999999218e+00 -6.147460937500000000e-01 7.133789062500000000e-01 1.232382926008065809e-02 1.094966439756601094e-02
1.629999999999999227e+00 -5.878906250000000000e-01 6.850585937500000000e-01 1.263969415837515493e-02 1.138262453869855716e-02
1.639999999999999236e+00 -5.737304687500000000e-01 6.777343750000000000e-01 1.279756512588797399e-02 1.148916903492697497e-02
1.649999999999999245e+00 -6.215820312500000000e-01 7.280273437500000000e-01 1.223982934797538703e-02 1.071168894100402690e-02
1.659999999999999254e+00 -6.660156250000000000e-01 8.071289062500000000e-01 1.165527797614186213e-02 9.224613187071500214e-03
1.669999999999999263e+00 -7.309570312500000000e-01 8.618164062500000000e-01 1.066286701708181808e-02 7.925317945094914954e-03
1.679999999999999272e+00 -6.684570312500000000e-01 9.233398437500000000e-01 1.162110567092284122e-02 5.999746351729317792e-03
1.689999999999999281e+00 -7.070312500000000000e-01 9.638671875000000000e-01 1.104972350478007279e-02 4.162238544623971317e-03
1.699999999999999289e+00 -6.850585937500000000e-01 9.672851562500000000e-01 1.138262453869855716e-02 3.963931206512561790e-03
1.709999999999999298e+00 -6.875000000000000000e-01 9.497070312500000000e-01 1.134663089709204119e-02 4.892809885212173228e-03
1.719999999999999307e+00 -7.016601562500000000e-01 9.423828125000000000e-01 1.113299643632288845e-02 5.227131992156430242e-03
1.729999999999999316e+00 -6.962890625000000000e-01 9.291992187500000000e-01 1.121502311706605234e-02 5.774675566559641163e-03
1.739999999999999325e+00 -6.713867187500000000e-01 9.184570312500000000e-01 1.157979991560630084e-02 6.180012075614840263e-03
1.749999999999999334e+00 -6.542968750000000000e-01 9.204101562500000000e-01 1.181621551359731716e-02 6.108658531195271246e-03
1.759999999999999343e+00 -6.811523437500000000e-01 9.306640625000000000e-01 1.143971423029743230e-02 5.716794465236853251e-03
1.769999999999999352e+00 -6.782226562500000000e-01 9.321289062500000000e-01 1.148213231236986515e-02 5.658228722719512230e-03
1.779999999999999361e+00 -6.782226562500000000e-01 9.458007812500000000e-01 1.148213231236986515e-02 5.074178326602111176e-03
1.789999999999999147e+00 -6.928710937500000000e-01 9.614257812500000000e-01 1.126658551129922602e-02 4.297882471317996181e-03
1.799999999999999156e+00 -7.094726562500000000e-01 9.687500000000000000e-01 1.101145255679464828e-02 3.875612272067271557e-03
1.809999999999999165e+00 -7.182617187500000000e-01 9.755859375000000000e-01 1.087145352753447411e-02 3.431531699226229686e-03
1.819999999999999174e+00 -7.021484375000000000e-01 9.736328125000000000e-01 1.112547808528028571e-02 3.564389110669695469e-03
1.829999999999999183e+00 -6.923828125000000000e-01 9.658203125000000000e-01 1.127391166443258812e-02 4.050195427215011121e-03
1.839999999999999192e+00 -6.909179687500000000e-01 9.653320312500000000e-01 1.129583069665674074e-02 4.078516188216757196e-03
1.849999999999999201e+00 -7.026367187500000000e-01 9.682617187500000000e-01 1.111794941459997264e-02 3.905288756832478014e-03
1.859999999999999210e+00 -7.226562500000000000e-01 9.609375000000000000e-01 1.080011872782614402e-02 4.324460347636316024e-03
1.869999999999999218e+00 -7.055664062500000000e-01 9.584960937500000000e-01 1.107255949729588074e-02 4.454775962215497612e-03
1.879999999999999227e+00 -7.148437500000000000e-01 9.658203125000000000e-01 1.092631585644534414e-02 4.050195427215011121e-03
1.889999999999999236e+00 -8.149414062500000000e-01 9.741210937500000000e-01 9.055364976533017418e-03 3.531668072296274396e-03
1.899999999999999245e+00 -8.129882812500000000e-01 9.760742187500000000e-01 9.098125753371559890e-03 3.397462844848097262e-03
1.909999999999999254e+00 -8.432617187500000000e-01 9.824218750000000000e-01 8.398487262800185746e-03 2.916784482801634132e-03
1.919999999999999263e+00 -8.154296875000000000e-01 9.726562500000000000e-01 9.044627105548947582e-03 3.628898070360046108e-03
1.929999999999999272e+00 -8.461914062500000000e-01 9.746093750000000000e-01 8.326235479666269784e-03 3.498624386551267649e-03
1.939999999999999059e+00 -8.569335937500000000e-01 9.541015625000000000e-01 8.053544200847074369e-03 4.679425557022514996e-03
1.949999999999999067e+00 -8.222656250000000000e-01 9.755859375000000000e-01 8.892248340694155345e-03 3.431531699226229686e-03
1.959999999999999076e+00 -8.530273437500000000e-01 9.291992187500000000e-01 8.154159676088594197e-03 5.774675566559641163e-03
1.969999999999999085e+00 -8.085937500000000000e-01 9.711914062500000000e-01 9.193239962124639258e-03 3.723449381870580499e-03
1.979999999999999094e+00 -8.334960937500000000e-01 8.925781250000000000e-01 8.633208584005944153e-03 7.045199543954161481e-03
1.989999999999999103e+00 -8.271484375000000000e-01 9.736328125000000000e-01 8.780992299673258047e-03 3.564389110669695469e-03
1.999999999999999112e+00 -8.535156250000000000e-01 8.959960937500000000e-01 8.141675764132140503e-03 6.938467696880177074e-03
2.009999999999998899e+00 -8.588867187500000000e-01 9.702148437500000000e-01 8.002587538615111087e-03 3.785094796558773067e-03
2.019999999999999130e+00 -8.510742187500000000e-01 8.999023437500000000e-01 8.203834406513899058e-03 6.813929245738602897e-03
2.029999999999998916e+00 -8.632812500000000000e-01 9.716796875000000000e-01 7.886299609628184132e-03 3.692217086870396969e-03
2.039999999999999147e+00 -8.452148437500000000e-01 9.213867187500000000e-01 8.350416752334093723e-03 6.072609855475120944e-03
2.049999999999998934e+00 -8.554687500000000000e-01 9.746093750000000000e-01 8.091475575905060502e-03 3.498624386551267649e-03
2.059999999999999165e+00 -8.476562500000000000e-01 9.472656250000000000e-01 8.289778654205848599e-03 5.007022307327386491e-03
2.069999999999998952e+00 -8.500976562500000000e-01 9.838867187500000000e-01 8.228516874306469192e-03 2.793640092713590289e-03
2.079999999999999183e+00 -8.471679687500000000e-01 9.697265625000000000e-01 8.301955729029008788e-03 3.815521151264333628e-03
2.089999999999998970e+00 -8.457031250000000000e-01 9.790039062500000000e-01 8.338338372116985489e-03 3.185023223830273260e-03
2.099999999999999201e+00 -8.374023437500000000e-01 9.750976562500000000e-01 8.540421390645008826e-03 3.465248823409909033e-03
2.109999999999998987e+00 -8.417968750000000000e-01 9.790039062500000000e-01 8.434287890323289433e-03 3.185023223830273260e-03
2.119999999999999218e+00 -8.403320312500000000e-01 9.721679687500000000e-01 8.469875346921864473e-03 3.660702435118321201e-03
2.129999999999999005e+00 -8.417968750000000000e-01 9.726562500000000000e-01 8.434287890323289433e-03 3.628898070360046108e-03
2.139999999999999236e+00 -8.457031250000000000e-01 9.604492187500000000e-01 8.338338372116985489e-03 4.350862494261718838e-03
2.149999999999999023e+00 -8.134765625000000000e-01 9.550781250000000000e-01 9.087464030501582121e-03 4.630533407219103968e-03
2.159999999999999254e+00 -7.919921875000000000e-01 9.511718750000000000e-01 9.539550368090374960e-03 4.822839547509493244e-03
2.169999999999999041e+00 -7.993164062500000000e-01 9.653320312500000000e-01 9.389224660299611697e-03 4.078516188216757196e-03
2.179999999999999272e+00 -7.880859375000000000e-01 9.521484375000000000e-01 9.618206753395409231e-03 4.775562205284335227e-03
2.189999999999999059e+00 -8.076171875000000000e-01 9.672851562500000000e-01 9.214173631772553524e-03 3.963931206512561790e-03
2.199999999999998845e+00 -8.032226562500000000e-01 9.672851562500000000e-01 9.307482977509782054e-03 3.963931206512561790e-03
2.209999999999999076e+00 -8.129882812500000000e-01 9.726562500000000000e-01 9.098125753371559890e-03 3.628898070360046108e-03
2.219999999999998863e+00 -7.910156250000000000e-01 9.545898437500000000e-01 9.559311674942717191e-03 4.655049924244071546e-03
2.229999999999999094e+00 -8.037109375000000000e-01 9.462890625000000000e-01 9.297186561781372108e-03 5.051903700994202738e-03
2.239999999999998881e+00 -7.402343750000000000e-01 8.994140625000000000e-01 1.050545187317794733e-02 6.829650576449571714e-03
2.249999999999999112e+00 -7.578125000000000000e-01 8.974609375000000000e-01 1.019488103545536199e-02 6.892092843617547183e-03
2.259999999999998899e+00 -7.290039062500000000e-01 8.637695312500000000e-01 1.069546149768659492e-02 7.873235741178510189e-03
2.269999999999999130e+00 -7.456054687500000000e-01 8.779296875000000000e-01 1.041230685419429827e-02 7.481087218332567283e-03
2.279999999999998916e+00 -6.435546875000000000e-01 8.618164062500000000e-01 1.195937708425291908e-02 7.925317945094914954e-03
2.289999999999999147e+00 -7.500000000000000000e-01 8.852539062500000000e-01 1.033496605884605749e-02 7.267313672528587579e-03
2.299999999999998934e+00 -7.631835937500000000e-01 9.155273437500000000e-01 1.009658921744801055e-02 6.285245985726504829e-03
2.309999999999999165e+00 -7.836914062500000000e-01 9.306640625000000000e-01 9.705474501300033127e-03 5.716794465236853251e-03
2.319999999999998952e+00 -8.002929687500000000e-01 9.458007812500000000e-01 9.368893377943486936e-03 5.074178326602111176e-03
2.329999999999999183e+00 -7.963867187500000000e-01 9.340820312500000000e-01 9.449808227512854555e-03 5.579038766540611941e-03
2.339999999999998970e+00 -7.392578125000000000e-01 8.955078125000000000e-01 1.052222683108445730e-02 6.953840513596872691e-03
2.349999999999998757e+00 -6.821289062500000000e-01 8.320312500000000000e-01 1.142549911786477738e-02 8.667636901086789650e-03
2.359999999999998987e+00 -5.722656250000000000e-01 6.743164062500000000e-01 1.281356754740208166e-02 1.153816468094517184e-02
2.369999999999998774e+00 -5.454101562500000000e-01 6.210937500000000000e-01 1.309639518197800757e-02 1.224587934631826865e-02
2.379999999999999005e+00 -3.520507812500000000e-01 4.165039062500000000e-01 1.462470158133430745e-02 1.420521759954464398e-02
2.389999999999998792e+00 -3.408203125000000000e-01 3.945312500000000000e-01 1.468950713170169738e-02 1.435753943631672656e-02
2.399999999999999023e+00 -2.241210937500000000e-01 2.460937500000000000e-01 1.522752037565833563e-02 1.514446921504364503e-02
2.409999999999998810e+00 -2.402343750000000000e-01 2.861328125000000000e-01 1.516742053773951528e-02 1.497171824050128747e-02
2.419999999999999041e+00 -1.992187500000000000e-01 2.250976562500000000e-01 1.531179757356073909e-02 1.522400324142795906e-02
2.429999999999998828e+00 -2.470703125000000000e-01 2.900390625000000000e-01 1.514058678949925865e-02 1.495335637085988198e-02
2.439999999999999059e+00 -2.934570312500000000e-01 3.413085937500000000e-01 1.493706663540049495e-02 1.468673904139441468e-02
2.449999999999998845e+00 -3.393554687500000000e-01 4.096679687500000000e-01 1.469778451288738901e-02 1.425366725169810792e-02
2.459999999999999076e+00 -4.160156250000000000e-01 4.604492187500000000e-01 1.420871039581954320e-02 1.387009447481739495e-02
2.469999999999998863e+00 -4.331054687500000000e-01 5.034179687500000000e-01 1.408348826927378027e-02 1.350067226280824047e-02
2.479999999999999094e+00 -4.882812500000000000e-01 5.517578125000000000e-01 1.363572381967794941e-02 1.303131853572743644e-02
2.489999999999998881e+00 -4.594726562500000000e-01 5.380859375000000000e-01 1.387799867440121793e-02 1.317015598829571719e-02
2.499999999999998668e+00 -4.794921875000000000e-01 5.346679687500000000e-01 1.371165856478644487e-02 1.320409725703464154e-02
2.509999999999998899e+00 -4.243164062500000000e-01 4.775390625000000000e-01 1.414865610497778071e-02 1.372828935661115149e-02
2.519999999999998685e+00 -3.798828125000000000e-01 4.199218750000000000e-01 1.445366594230172372e-02 1.418062900538616736e-02
2.529999999999998916e+00 -2.827148437500000000e-01 3.203125000000000000e-01 1.498756252856708708e-02 1.480174898561457432e-02
2.539999999999998703e+00 -1.518554687500000000e-01 1.586914062500000000e-01 1.544379233960326524e-02 1.542700362403584199e-02
2.549999999999998934e+00 3.076171875000000000e-02 -4.150390625000000000e-02 1.561760541164471973e-02 1.561153658836631625e-02
2.559999999999998721e+00 1.899414062500000000e-01 -2.236328125000000000e-01 1.534055356051121193e-02 1.522927290503875083e-02
2.569999999999998952e+00 3.544921875000000000e-01 -4.140625000000000000e-01 1.461029650336957524e-02 1.422263207730840341e-02
2.579999999999998739e+00 4.643554687500000000e-01 -5.615234375000000000e-01 1.383826427924395377e-02 1.292907550608083343e-02
2.589999999999998970e+00 5.590820312500000000e-01 -6.430664062500000000e-01 1.295488040666224749e-02 1.196578778977217331e-02
2.599999999999998757e+00 5.268554687500000000e-01 -6.289062500000000000e-01 1.328054515637230176e-02 1.214814286932651768e-02
2.609999999999998987e+00 4.887695312500000000e-01 -5.634765625000000000e-01 1.363145225414536497e-02 1.290831327629449882e-02
2.619999999999998774e+00 2.382812500000000000e-01 -2.783203125000000000e-01 1.517494052045750830e-02 1.500762992511523938e-02
2.629999999999999005e+00 1.147460937500000000e-01 -1.147460937500000000e-01 1.552179457814249590e-02 1.552179457814249590e-02
2.639999999999998792e+00 -2.363281250000000000e-01 2.983398437500000000e-01 1.518239543632870711e-02 1.491343296562275267e-02
2.649999999999999023e+00 -4.233398437500000000e-01 4.960937500000000000e-01 1.415579621835580740e-02 1.356670253879356525e-02
2.659999999999998810e+00 -6.713867187500000000e-01 7.651367187500000000e-01 1.157979991560630084e-02 1.006043507564413630e-02
2.669999999999998597e+00 -7.299804687500000000e-01 8.359375000000000000e-01 1.067918759395477223e-02 8.575385151212637502e-03
2.679999999999998828e+00 -6.723632812500000000e-01 8.232421875000000000e-01 1.156595828800225170e-02 8.870161267870003627e-03
2.689999999999998614e+00 -6.181640625000000000e-01 7.387695312500000000e-01 1.228201722946905064e-02 1.053059599806101775e-02
2.699999999999998845e+00 -4.819335937500000000e-01 5.781250000000000000e-01 1.369074600507906407e-02 1.274919080971377745e-02
2.709999999999998632e+00 -3.188476562500000000e-01 4.077148437500000000e-01 1.480946840766235104e-02 1.426733291893084350e-02
2.719999999999998863e+00 -1.894531250000000000e-01 2.568359375000000000e-01 1.534202760053060728e-02 1.510085965132798233e-02
2.729999999999998650e+00 -1.425781250000000000e-01 1.689453125000000000e-01 1.546536798785836005e-02 1.540039728922872053e-02
2.739999999999998881e+00 -1.777343750000000000e-01 2.075195312500000000e-01 1.537622654488445158e-02 1.528485741665603324e-02
2.749999999999998668e+00 -2.094726562500000000e-01 2.524414062500000000e-01 1.527835164138541951e-02 1.511894035711829239e-02
2.759999999999998899e+00 -3.344726562500000000e-01 4.174804687500000000e-01 1.472508523940959171e-02 1.419821713035592653e-02
2.769999999999998685e+00 -4.174804687500000000e-01 5.341796875000000000e-01 1.419821713035592653e-02 1.320892126341017062e-02
2.779999999999998916e+00 -5.625000000000000000e-01 7.070312500000000000e-01 1.291870757355757099e-02 1.104972350478007279e-02
2.789999999999998703e+00 -6.118164062500000000e-01 7.407226562500000000e-01 1.235937188925505074e-02 1.049704602372055449e-02
2.799999999999998934e+00 -6.445312500000000000e-01 8.046875000000000000e-01 1.194653073592389855e-02 9.276540621075845053e-03
2.809999999999998721e+00 -6.074218750000000000e-01 7.236328125000000000e-01 1.241217846554811335e-02 1.078414309771015718e-02
2.819999999999998952e+00 -5.512695312500000000e-01 6.899414062500000000e-01 1.303636275521654134e-02 1.131039405403981915e-02
2.829999999999998739e+00 -4.379882812500000000e-01 5.229492187500000000e-01 1.404657314650359541e-02 1.331818498963561678e-02
2.839999999999998526e+00 -4.365234375000000000e-01 5.415039062500000000e-01 1.405770133848930313e-02 1.313590989570512409e-02
2.849999999999998757e+00 -3.627929687500000000e-01 4.301757812500000000e-01 1.456046510247461893e-02 1.410539289412890591e-02
2.859999999999998543e+00 -3.769531250000000000e-01 4.799804687500000000e-01 1.447238026097117346e-02 1.370748709806383567e-02
2.869999999999998774e+00 -3.725585937500000000e-01 4.619140625000000000e-01 1.450013549087275297e-02 1.385819822076316682e-02
2.879999999999998561e+00 -4.409179687500000000e-01 5.439453125000000000e-01 1.402417820844453072e-02 1.311126045187992542e-02
2.889999999999998792e+00 -4.853515625000000000e-01 5.839843750000000000e-01 1.366123568868136094e-02 1.268382653250988042e-02
2.899999999999998579e+00 -5.346679687500000000e-01 6.689453125000000000e-01 1.320409725703464154e-02 1.161424410934749733e-02
2.909999999999998810e+00 -6.147460937500000000e-01 7.104492187500000000e-01 1.232382926008065809e-02 1.099606982765509097e-02
2.919999999999998597e+00 -6.127929687500000000e-01 7.075195312500000000e-01 1.234755457043077743e-02 1.104209046958151523e-02
2.929999999999998828e+00 -5.893554687500000000e-01 6.718750000000000000e-01 1.262302865424442914e-02 1.157288368602669114e-02
2.939999999999998614e+00 -6.245117187500000000e-01 6.748046875000000000e-01 1.220336620624213469e-02 1.153119319227228351e-02
2.949999999999998845e+00 -5.434570312500000000e-01 5.932617187500000000e-01 1.311620292225935611e-02 1.257827574701781553e-02
2.959999999999998632e+00 -6.127929687500000000e-01 6.318359375000000000e-01 1.234755457043077743e-02 1.211097114564712793e-02
2.969999999999998863e+00 -4.970703125000000000e-01 5.395507812500000000e-01 1.355797289462963226e-02 1.315551655516169691e-02
2.979999999999998650e+00 -5.766601562500000000e-01 5.668945312500000000e-01 1.276537698842738003e-02 1.287172468994959851e-02
2.989999999999998437e+00 -5.034179687500000000e-01 5.634765625000000000e-01 1.350067226280824047e-02 1.290831327629449882e-02
2.999999999999998668e+00 -5.795898437500000000e-01 5.097656250000000000e-01 1.273294291239903189e-02 1.344239561590935238e-02
3.009999999999998455e+00 -5.068359375000000000e-01 5.800781250000000000e-01 1.346941461217784387e-02 1.272751319055467553e-02
3.019999999999998685e+00 -4.951171875000000000e-01 4.350585937500000000e-01 1.357540941848224547e-02 1.406878349205628945e-02
3.029999999999998472e+00 -4.951171875000000000e-01 5.703125000000000000e-01 1.357540941848224547e-02 1.283480958168004352e-02
3.039999999999998703e+00 -4.355468750000000000e-01 4.082031250000000000e-01 1.406509454952034263e-02 1.426392385068783568e-02
3.049999999999998490e+00 -4.902343750000000000e-01 5.698242187500000000e-01 1.361860387398980930e-02 1.284010326618204370e-02
3.059999999999998721e+00 -4.667968750000000000e-01 4.902343750000000000e-01 1.381819627214019713e-02 1.361860387398980930e-02
3.069999999999998508e+00 -5.292968750000000000e-01 6.323242187500000000e-01 1.325682329208866840e-02 1.210474793032024696e-02
3.079999999999998739e+00 -5.327148437500000000e-01 6.035156250000000000e-01 1.322335631223242429e-02 1.245861205163478411e-02
3.089999999999998526e+00 -5.830078125000000000e-01 6.684570312500000000e-01 1.269478980235466507e-02 1.162110567092284122e-02
3.099999999999998757e+00 -5.620117187500000000e-01 6.513671875000000000e-01 1.292389483144216339e-02 1.185566669468544020e-02
3.109999999999998543e+00 -5.131835937500000000e-01 5.878906250000000000e-01 1.341060716549862149e-02 1.263969415837515493e-02
3.119999999999998774e+00 -5.092773437500000000e-01 5.737304687500000000e-01 1.344691337381725624e-02 1.279756512588797399e-02
3.129999999999998561e+00 -4.150390625000000000e-01 4.819335937500000000e-01 1.421568113000639191e-02 1.369074600507906407e-02
3.139999999999998348e+00 -3.710937500000000000e-01 4.072265625000000000e-01 1.450930322435854333e-02 1.427073709398615081e-02
3.149999999999998579e+00 -2.734375000000000000e-01 3.173828125000000000e-01 1.502952768843840436e-02 1.481714845252149124e-02
3.159999999999998366e+00 -2.998046875000000000e-01 3.295898437500000000e-01 1.490625941228269566e-02 1.475194087218022372e-02
3.169999999999998597e+00 -3.081054687500000000e-01 3.701171875000000000e-01 1.486487822092844892e-02 1.451539177958743529e-02
3.179999999999998384e+00 -3.706054687500000000e-01 4.135742187500000000e-01 1.451234982672719269e-02 1.422610013994454747e-02
3.189999999999998614e+00 -4.833984375000000000e-01 5.747070312500000000e-01 1.367813205590261150e-02 1.278686295830244388e-02
3.199999999999998401e+00 -5.659179687500000000e-01 6.391601562500000000e-01 1.288221176819014276e-02 1.201677593909160693e-02
3.209999999999998632e+00 -6.308593750000000000e-01 7.138671875000000000e-01 1.212339358896434398e-02 1.094189240609112247e-02
3.219999999999998419e+00 -5.742187500000000000e-01 6.923828125000000000e-01 1.279221743641564650e-02 1.127391166443258812e-02
3.229999999999998650e+00 -5.927734375000000000e-01 6.733398437500000000e-01 1.258389475386596616e-02 1.155207992063995992e-02
3.239999999999998437e+00 -4.497070312500000000e-01 5.156250000000000000e-01 1.395587691616329354e-02 1.338772448325702656e-02
3.249999999999998668e+00 -3.535156250000000000e-01 4.072265625000000000e-01 1.461607218554363506e-02 1.427073709398615081e-02
3.259999999999998455e+00 -1.367187500000000000e-01 1.416015625000000000e-01 1.547827976179472383e-02 1.546755833081541603e-02
3.269999999999998685e+00 -4.101562500000000000e-02 4.248046875000000000e-02 1.561185164369026900e-02 1.561089527267882186e-02
3.279999999999998472e+00 1.298828125000000000e-01 -1.464843750000000000e-01 1.549264611822030561e-02 1.545645287631634834e-02
3.289999999999998703e+00 1.425781250000000000e-01 -1.689453125000000000e-01 1.546536798785836005e-02 1.540039728922872053e-02
3.299999999999998490e+00 1.040039062500000000e-01 -1.264648437500000000e-01 1.554026388553350450e-02 1.549954828045848818e-02
3.309999999999998277e+00 1.660156250000000000e-02 -2.490234375000000000e-02 1.562284663382394051e-02 1.562015450864568354e-02
3.319999999999998508e+00 -1.533203125000000000e-01 1.650390625000000000e-01 1.544025849733662165e-02 1.541073486199155337e-02
3.329999999999998295e+00 -2.939453125000000000e-01 3.437500000000000000e-01 1.493472249003361188e-02 1.467283125128585920e-02
3.339999999999998526e+00 -5.107421875000000000e-01 5.800781250000000000e-01 1.343334254279256873e-02 1.272751319055467553e-02
3.349999999999998312e+00 -5.947265625000000000e-01 6.738281250000000000e-01 1.256137584227974557e-02 1.154512691815870289e-02
3.359999999999998543e+00 -6.821289062500000000e-01 7.832031250000000000e-01 1.142549911786477738e-02 9.715092571831543747e-03
3.369999999999998330e+00 -6.474609375000000000e-01 7.905273437500000000e-01 1.190779122254468150e-02 9.569167900731747819e-03
3.379999999999998561e+00 -6.040039062500000000e-01 7.041015625000000000e-01 1.245283368184528852e-02 1.109530127451836129e-02
3.389999999999998348e+00 -5.253906250000000000e-01 5.957031250000000000e-01 1.329470541900983072e-02 1.255007340601620169e-02
3.399999999999998579e+00 -3.413085937500000000e-01 3.984375000000000000e-01 1.468673904139441468e-02 1.433117946070044252e-02
3.409999999999998366e+00 -2.133789062500000000e-01 2.568359375000000000e-01 1.526514874487032436e-02 1.510085965132798233e-02
3.419999999999998597e+00 2.636718750000000000e-02 -2.490234375000000000e-02 1.561956758238768755e-02 1.562015450864568354e-02
3.429999999999998384e+00 1.738281250000000000e-01 -1.928710937500000000e-01 1.538712510141094537e-02 1.533162661644146135e-02
3.439999999999998614e+00 3.632812500000000000e-01 -4.160156250000000000e-01 1.455749254537342698e-02 1.420871039581954320e-02
3.449999999999998401e+00 4.272460937500000000e-01 -4.799804687500000000e-01 1.412711522615733850e-02 1.370748709806383567e-02
3.459999999999998632e+00 5.297851562500000000e-01 -6.181640625000000000e-01 1.325206064659920427e-02 1.228201722946905064e-02
3.469999999999998419e+00 5.664062500000000000e-01 -6.577148437500000000e-01 1.287697155680784557e-02 1.176979698931364393e-02
3.479999999999998206e+00 5.883789062500000000e-01 -6.928710937500000000e-01 1.263414604008211185e-02 1.126658551129922602e-02
3.489999999999998437e+00 6.000976562500000000e-01 -6.938476562500000000e-01 1.249885544528783581e-02 1.125190337540405393e-02
3.499999999999998224e+00 5.683593750000000000e-01 -6.479492187500000000e-01 1.285594407497896163e-02 1.190130525931121404e-02
3.509999999999998455e+00 4.829101562500000000e-01 -5.659179687500000000e-01 1.368234225195592499e-02 1.288221176819014276e-02
3.519999999999998241e+00 4.189453125000000000e-01 -4.887695312500000000e-01 1.418767917988344486e-02 1.363145225414536497e-02
3.529999999999998472e+00 3.588867187500000000e-01 -4.008789062500000000e-01 1.458408006639507100e-02 1.431454767117094386e-02
3.539999999999998259e+00 1.850585937500000000e-01 -2.070312500000000000e-01 1.535511700960720885e-02 1.528647390838124183e-02
3.549999999999998490e+00 4.785156250000000000e-02 -6.884765625000000000e-02 1.560710090390226949e-02 1.558792476545160094e-02
3.559999999999998277e+00 -9.082031250000000000e-02 1.411132812500000000e-01 1.556042649682320457e-02 1.546864774157218590e-02
3.569999999999998508e+00 -2.353515625000000000e-01 2.973632812500000000e-01 1.518609852417465364e-02 1.491819390920872540e-02
3.579999999999998295e+00 -3.588867187500000000e-01 4.711914062500000000e-01 1.458408006639507100e-02 1.378173414218458563e-02
3.589999999999998526e+00 -5.000000000000000000e-01 6.079101562500000000e-01 1.353164693413185307e-02 1.240634093488497854e-02
3.599999999999998312e+00 -5.791015625000000000e-01 7.285156250000000000e-01 1.273836575035276579e-02 1.070358101367589396e-02
3.609999999999998543e+00 -6.567382812500000000e-01 8.378906250000000000e-01 1.178310278390265996e-02 8.528721301882992087e-03
3.619999999999998330e+00 -7.148437500000000000e-01 8.676757812500000000e-01 1.092631585644534414e-02 7.767664134820549335e-03
3.629999999999998117e+00 -7.299804687500000000e-01 8.837890625000000000e-01 1.067918759395477223e-02 7.310711804016721375e-03
3.639999999999998348e+00 -6.875000000000000000e-01 8.291015625000000000e-01 1.134663089709204119e-02 8.735906605707681807e-03
3.649999999999998135e+00 -6.533203125000000000e-01 8.051757812500000000e-01 1.182940020861710656e-02 9.266190977766351061e-03
3.659999999999998366e+00 -6.069335937500000000e-01 7.163085937500000000e-01 1.241800856471391226e-02 1.090286926604170682e-02
3.669999999999998153e+00 -5.312500000000000000e-01 6.538085937500000000e-01 1.323773604660738110e-02 1.182281216070715964e-02
3.679999999999998384e+00 -4.799804687500000000e-01 6.020507812500000000e-01 1.370748709806383567e-02 1.247590310949574233e-02
3.689999999999998170e+00 -4.443359375000000000e-01 5.576171875000000000e-01 1.399781629389233208e-02 1.297028485086001125e-02
3.699999999999998401e+00 -4.936523437500000000e-01 6.137695312500000000e-01 1.358842715031676439e-02 1.233570705640081068e-02
3.709999999999998188e+00 -5.048828125000000000e-01 6.069335937500000000e-01 1.348731089166409214e-02 1.241800856471391226e-02
3.719999999999998419e+00 -5.722656250000000000e-01 7.104492187500000000e-01 1.281356754740208166e-02 1.099606982765509097e-02
3.729999999999998206e+00 -5.571289062500000000e-01 7.084960937500000000e-01 1.297540662955555014e-02 1.102679271162402934e-02
3.739999999999998437e+00 -6.572265625000000000e-01 8.134765625000000000e-01 1.177645423718431776e-02 9.087464030501582121e-03
3.749999999999998224e+00 -6.708984375000000000e-01 8.500976562500000000e-01 1.158670699315930697e-02 8.228516874306469192e-03
3.759999999999998455e+00 -7.397460937500000000e-01 9.145507812500000000e-01 1.051384546585533430e-02 6.319860894616154655e-03
3.769999999999998241e+00 -7.290039062500000000e-01 9.223632812500000000e-01 1.069546149768659492e-02 6.036307331605562758e-03
3.779999999999998028e+00 -7.641601562500000000e-01 9.204101562500000000e-01 1.007853990909460956e-02 6.108658531195271246e-03
3.789999999999998259e+00 -7.460937500000000000e-01 9.296875000000000000e-01 1.040376420445075778e-02 5.755456657288224656e-03
3.799999999999998046e+00 -7.646484375000000000e-01 9.145507812500000000e-01 1.006949445170375601e-02 6.319860894616154655e-03
3.809999999999998277e+00 -7.236328125000000000e-01 9.096679687500000000e-01 1.078414309771015718e-02 6.489628644154119691e-03
3.819999999999998064e+00 -7.460937500000000000e-01 8.930664062500000000e-01 1.040376420445075778e-02 7.030076187223818600e-03
3.829999999999998295e+00 -7.368164062500000000e-01 9.008789062500000000e-01 1.056395126264319390e-02 6.782351513968743265e-03
3.839999999999998082e+00 -7.509765625000000000e-01 9.155273437500000000e-01 1.031763842835190653e-02 6.285245985726504829e-03
3.849999999999998312e+00 -7.783203125000000000e-01 9.316406250000000000e-01 9.810428363495099849e-03 5.677828010807899062e-03
3.859999999999998099e+00 -7.641601562500000000e-01 9.340820312500000000e-01 1.007853990909460956e-02 5.579038766540611941e-03
3.869999999999998330e+00 -7.788085937500000000e-01 9.399414062500000000e-01 9.800963240652221450e-03 5.333372434729487070e-03
3.879999999999998117e+00 -7.753906250000000000e-01 9.531250000000000000e-01 9.866904546889517305e-03 4.727762873788350639e-03
3.889999999999998348e+00 -7.915039062500000000e-01 9.716796875000000000e-01 9.549439180898299656e-03 3.692217086870396969e-03
3.899999999999998135e+00 -7.929687500000000000e-01 9.409179687500000000e-01 9.519723582682586976e-03 5.291165250476966876e-03
3.909999999999998366e+00 -8.447265625000000000e-01 9.707031250000000000e-01 8.362470726530729995e-03 3.754406366764960045e-03
3.919999999999998153e+00 -8.359375000000000000e-01 9.047851562500000000e-01 8.575385151212637502e-03 6.654192409193627512e-03
3.929999999999998384e+00 -7.866210937500000000e-01 9.682617187500000000e-01 9.647438015887889462e-03 3.905288756832478014e-03
3.939999999999998170e+00 -7.836914062500000000e-01 8.286132812500000000e-01 9.705474501300033127e-03 8.747209796983741736e-03
3.949999999999997957e+00 -7.851562500000000000e-01 9.511718750000000000e-01 9.676526838274164891e-03 4.822839547509493244e-03
3.959999999999998188e+00 -8.466796875000000000e-01 7.475585937500000000e-01 8.314107967934166246e-03 1.037806041211979113e-02
3.969999999999997975e+00 -8.520507812500000000e-01 9.458007812500000000e-01 8.179048986707983943e-03 5.074178326602111176e-03
3.979999999999998206e+00 -7.792968750000000000e-01 6.787109375000000000e-01 9.791483023456722806e-03 1.147508620225092847e-02
3.989999999999997993e+00 -7.851562500000000000e-01 9.394531250000000000e-01 9.676526838274164891e-03 5.354334955378518141e-03
